{"metadata":{"language_info":{"name":"python","version":"3.7.8","mimetype":"text/x-python","codemirror_mode":{"name":"ipython","version":3},"pygments_lexer":"ipython3","nbconvert_exporter":"python","file_extension":".py"},"kernelspec":{"name":"python3","display_name":"Python 3","language":"python"}},"nbformat_minor":5,"nbformat":4,"cells":[{"cell_type":"code","source":"# -*- coding: utf-8 -*-\n\"\"\"\nCreated on Sun Oct  3 17:03:00 2021\n\n\"\"\"\n\nimport numpy as np\nimport scipy.linalg as sp_linalg\nimport pandas as pd\n\n\n#%% ry: Row Operation for 3x3 matrix\n\nA0= np.array(\n    [[1, 2, 3],\n     [4, 5, 6],\n     [7, 8, 10]])\n\nA= A0.copy()\n\nassert A[0,0] !=0 # otherwise, rowChange(A,0)\n\nc10= -A[1,0]/A[0,0]\nP10= np.array(\n    [[1, 0, 0],\n     [c10, 1, 0],\n     [0, 0, 1]])\n\nA= P10@A\n\n\nc20= -A[2,0]/A[0,0]\nP20= np.array(\n    [[1, 0, 0],\n     [0, 1, 0],\n     [c20, 0, 1]])\n\nA= P20@A\n\nassert A[1,1] !=0  # otherwise, rowChange(A,1)\n\nc21= -A[2,1]/A[1,1]\nP21= np.array(\n    [[1, 0, 0],\n     [0, 1, 0],\n     [0, c21, 1]])\nA= P21@A\n\nA1= A\n\nP= P21@P20@P10\ninvP= np.linalg.inv(P)\n\nprint(f'''\nA0= \n{A0}\n\ninvP= \n{invP}\n\nA1= \n{A1}   \n''')\n\n#%%\n\n#%%\n\n\nA1= np.array(\n    [[1]])\n\nA2= np.array(\n    [[2,1],\n     [1,2]])\n\nA3= np.array(\n    [[3, 2, 1],\n     [2, 3, 2],\n     [1, 2, 3]])\n\n#%%\n\n#%% ry\n\n\n# Create matrix using NumPy\nA= [[2,4],\n    [5,7]]\n\nA= np.array(A)\n\n# Find matrix det, inv, matrix rank, and matrix maultiplication\n\n\ndetA=   np.linalg.det(A)\ninvA=   np.linalg.inv(A)\nA_invA= A@invA\n\nrankA= np.linalg.matrix_rank(A)\n\nprint(f'''\nA= \n{A}      \n\ndetA= \n{detA}\n\ninvA= \n{invA}\n\nA_invA= \n{A_invA}\n\nrankA= {rankA}\n''')\n\nassert np.allclose(\n    A_invA,\n    np.eye(A.shape[0]))\n\n#%%\n#\n# Solving linear equations using NumPy\n#\nb= [1,-1]\nb= np.array(b)\n\nx= np.linalg.solve(A, b)\nprint(f'x= {x}')\n\nassert np.allclose(\n    A@x, \n    b)\n\n\n#%%\n\n# Decomposing a matrix using SVD\n\nU,σ,V_T= np.linalg.svd(A)\n\n\nprint(f'''\nU= \n{U},\n\nσ= \n{σ},\n\nV_T= \n{V_T}      \n''')\n\nassert np.allclose(\n    A,\n    U@np.diag(σ)@V_T\n    )\n\n\n#%%\n#\n# Eigenvectors and Eigenvalues using NumPy\n#\n\nλ, E= np.linalg.eig(A)\n\nprint(f'''\nA=\n{A}\n\nλ= \n{λ},\n\nE= \n{E},   \n''')\n\nassert np.allclose(\n    A,\n    E @ np.diag(λ) @ np.linalg.inv(E)\n    )\n\n#%%\nB= A.T@A\n\nλ1, E1= np.linalg.eig(B)\n\nprint(f'''\nB=\n{B},\n\nλ1= \n{λ1},\n\nE1= \n{E1},   \n''')\n\nassert np.allclose(\n    B,\n    E1 @ np.diag(λ1) @ np.linalg.inv(E1)\n    )\n\n#%%\n\nL= np.linalg.cholesky(A@A.T)\n\n#%% ry\n#\n# for symmtric matrix\n#\n\nC= np.array(\n    [[2,1],\n     [1,2]])\n\nans= {\n    'rnk':  np.linalg.matrix_rank(C),\n    'det':  np.linalg.det(C),\n    'inv':  np.linalg.inv(C),\n    'ch':   np.linalg.cholesky(C),\n    'qr':   np.linalg.qr(C),\n    'eig':  np.linalg.eig(C),\n    'svd':  np.linalg.svd(C)\n    }\n\nprint(ans)\n\n#%%\nC= np.array(\n    [[3,2,1],\n     [2,3,2],\n     [1,2,3]])\n\nans= {\n    'rnk':  np.linalg.matrix_rank(C),\n    'det':  np.linalg.det(C),\n    'inv':  np.linalg.inv(C),\n    'ch':   np.linalg.cholesky(C),\n    'qr':   np.linalg.qr(C),\n    'eig':  np.linalg.eig(C),\n    'svd':  np.linalg.svd(C)\n    }\n\nprint(ans)","metadata":{"trusted":true},"execution_count":1,"outputs":[{"name":"stdout","text":"\nA0= \n[[ 1  2  3]\n [ 4  5  6]\n [ 7  8 10]]\n\ninvP= \n[[ 1. -0. -0.]\n [ 4.  1. -0.]\n [ 7.  2.  1.]]\n\nA1= \n[[ 1.  2.  3.]\n [ 0. -3. -6.]\n [ 0.  0.  1.]]   \n\n\nA= \n[[2 4]\n [5 7]]      \n\ndetA= \n-5.999999999999998\n\ninvA= \n[[-1.16666667  0.66666667]\n [ 0.83333333 -0.33333333]]\n\nA_invA= \n[[1.0000000e+00 0.0000000e+00]\n [4.4408921e-16 1.0000000e+00]]\n\nrankA= 2\n\nx= [-1.83333333  1.16666667]\n\nU= \n[[-0.45868991 -0.8885964 ]\n [-0.8885964   0.45868991]],\n\nσ= \n[9.67550764 0.6201225 ],\n\nV_T= \n[[-0.5540135  -0.83250768]\n [ 0.83250768 -0.5540135 ]]      \n\n\nA=\n[[2 4]\n [5 7]]\n\nλ= \n[-0.62347538  9.62347538],\n\nE= \n[[-0.83619408 -0.46462222]\n [ 0.54843365 -0.885509  ]],   \n\n\nB=\n[[29 43]\n [43 65]],\n\nλ1= \n[ 0.38455192 93.61544808],\n\nE1= \n[[-0.83250768 -0.5540135 ]\n [ 0.5540135  -0.83250768]],   \n\n{'rnk': 2, 'det': 2.9999999999999996, 'inv': array([[ 0.66666667, -0.33333333],\n       [-0.33333333,  0.66666667]]), 'ch': array([[1.41421356, 0.        ],\n       [0.70710678, 1.22474487]]), 'qr': (array([[-0.89442719, -0.4472136 ],\n       [-0.4472136 ,  0.89442719]]), array([[-2.23606798, -1.78885438],\n       [ 0.        ,  1.34164079]])), 'eig': (array([3., 1.]), array([[ 0.70710678, -0.70710678],\n       [ 0.70710678,  0.70710678]])), 'svd': (array([[-0.70710678, -0.70710678],\n       [-0.70710678,  0.70710678]]), array([3., 1.]), array([[-0.70710678, -0.70710678],\n       [-0.70710678,  0.70710678]]))}\n{'rnk': 3, 'det': 8.000000000000002, 'inv': array([[ 0.625, -0.5  ,  0.125],\n       [-0.5  ,  1.   , -0.5  ],\n       [ 0.125, -0.5  ,  0.625]]), 'ch': array([[1.73205081, 0.        , 0.        ],\n       [1.15470054, 1.29099445, 0.        ],\n       [0.57735027, 1.03279556, 1.26491106]]), 'qr': (array([[-0.80178373,  0.57735027,  0.15430335],\n       [-0.53452248, -0.57735027, -0.6172134 ],\n       [-0.26726124, -0.57735027,  0.77151675]]), array([[-3.74165739, -3.74165739, -2.67261242],\n       [ 0.        , -1.73205081, -2.30940108],\n       [ 0.        ,  0.        ,  1.2344268 ]])), 'eig': (array([6.37228132, 2.        , 0.62771868]), array([[-5.41774320e-01, -7.07106781e-01,  4.54401349e-01],\n       [-6.42620551e-01, -7.86160759e-17, -7.66184591e-01],\n       [-5.41774320e-01,  7.07106781e-01,  4.54401349e-01]])), 'svd': (array([[-5.41774320e-01,  7.07106781e-01,  4.54401349e-01],\n       [-6.42620551e-01,  3.88578059e-16, -7.66184591e-01],\n       [-5.41774320e-01, -7.07106781e-01,  4.54401349e-01]]), array([6.37228132, 2.        , 0.62771868]), array([[-5.41774320e-01, -6.42620551e-01, -5.41774320e-01],\n       [ 7.07106781e-01,  5.55111512e-17, -7.07106781e-01],\n       [ 4.54401349e-01, -7.66184591e-01,  4.54401349e-01]]))}\n","output_type":"stream"}],"id":"d7faf32c-2879-4b26-bfdc-817dfc59fc51"},{"cell_type":"code","source":"","metadata":{},"execution_count":null,"outputs":[],"id":"5a097f27-8150-4e09-8344-1018708a63fe"}]}